1821
1827
1829
1832
1852
1857
1864
1872
1877
1881
1886
1893
1899
1929
2014
2019
2028
2035
2049
2075
2079
2080
2082
2084
2098
2102
2104
2113
2123
2127
2138
2151
2165
2166
2167
2168
2171
2174
2175
2178
2182
2184
2186
2187
2189
2190
2193
2196
2198
2237
2244
2269
2304
2305
2356
2382
2520
2524
2545
2546
2549
2567
2589
2649
2652
2719
3375
3589
4034
4042
4044
4050
4051
4052
4055
4076
4079
4091
4124
4157
4160
4204
4225
4786
4877
5258
5295
5301
5438
5519
5522
5673
14800
14813
17007
17048
17062
47560
127259
176447
176539
177453
177551
177585
177606
177619
177632
177645
178241
179180
179261
182386
182516
182606
182639
182652
182694
182706
182719
182737
182763
184213
184249
185833
186234
230131
232120
242229
247566
249777
259841
259906
263185
263462
263498
263504
365308
365312
365315
365328
365342
365357
365366
365411
365432
374790
374817
374836
375149
375162
375224
403003
403174
403314
409329
409445
413698
414599
421148
423212
